3839.01544196
3954.04238196
4057.05157196
4188.09206196
4287.16047196
4374.19250196
4488.23543196
4591.24462196
4722.28511196
4836.32804196
4949.41210196
5112.47543196
5241.51802196
5338.57078196
5452.61371196
5509.63517196
5656.70358196
5753.75634196
5866.84040196
6013.90881196
6114.95649196
6228.99942196
6330.04710196
6387.06856196
6515.12714196
6643.18572196
6774.22621196
6903.26880196
7017.31173196
7130.39579196
7258.49075196
7361.49994196
7476.52688196
7573.57964196
7674.62732196
7788.67025196
7916.76521196
7987.80232196
8134.87073196
8221.90276196
8378.00387196
8506.06245196
8605.13086196
8768.19419196
8896.25277196
9033.31168196
9130.36444196
9261.40493196
9318.42639196
9405.45842196
9492.49045196
9591.55886196
9747.65997196
9875.71855196
9976.76623196
10063.798262
10191.893222
10319.951802
10433.035862
10520.067892
10648.162852
10795.231262
10951.332372
11064.416432
11167.425622
11353.504932
11509.606042
11695.685352
11796.733032
11867.770142
12030.833472
12186.934582
12373.013892
12559.093202
12715.194312
12772.215772
12873.263452
12976.272642
13077.320322
13176.388732
13289.472792
13436.541202
13549.625262
13606.646722
13734.741682
13863.784272
